46362516 
46362593 
46362661 
46362661 
46362661 
46362676 
46362710 
46362710 
46362711 
46362737 
46362737 
46362861 
46363055 
46363076 
46363475 
46363540 
46364228 
46364353 
46364353 
46364353 
46364392 
46364447 
46364509 
46364547 
46365023 
46365023 
46365151 
46365151 
46365342 
46365431 
46365845 
46365948 
46366365 
46366675 
46366765 
46366765 
46366887 
46366918 
46367451 
46367451 
46367473 
46367528 
46367530 
46367716 
46367716 
46367763 
46367763 
46368437 
46368437 
46368437 
46368437 
46368752 
46369062 
46370131 
46370131 
46370131 
46370167 
46370487 
46370487 
46370556 
46370798 
46370798 
46371002 
46371035 
46371048 
46371071 
46371320 
46371406 
46371549 
46371549 
46371791 
46371791 
46371840 
46371840 
46372051 
46372710 
46372710 
46372912 
46373034 
46373034 
46373198 
46373660 
46373660 
46373743 
46373916 
46373980 
46374012 
46374012 
46374093 
46375017 
46375017 
46375125 
46375300 
46375461 
46375461 
46375716 
46375716 
46375716 
46376087 
46376242 
46376242 
46376242 
46376242 
46362502 
46362543 
46362577 
46362583 
46362584 
46362655 
46362671 
46362688 
46362776 
46362854 
46362871 
46362878 
46362889 
46362909 
46362929 
46362991 
46362994 
46363020 
46363064 
46363095 
46363131 
46363169 
46363189 
46363229 
46363232 
46363265 
46363265 
46363265 
46363340 
46363342 
46363359 
46363362 
46363412 
46363449 
46363473 
46363492 
46363520 
46363529 
46363643 
46363643 
46363650 
46363656 
46363662 
46363662 
46363662 
46363666 
46363674 
46363677 
46363824 
46363860 
46363900 
46363961 
46363982 
46363986 
46363997 
46364057 
46364071 
46364114 
46364163 
46364183 
46364203 
46364215 
46364246 
46364256 
46364297 
46364307 
46364336 
46364434 
46364485 
46364517 
46364550 
46364550 
46364563 
46364578 
46364590 
46364633 
46364655 
46364676 
46364690 
46364734 
46364762 
46364822 
46364841 
46364877 
46364899 
46364922 
46364982 
46364984 
46365084 
46365089 
46365138 
46365277 
46365279 
46365308 
46365337 
46365386 
46365415 
46365450 
46365457 
46365488 
46365533 
46365538 
46365600 
46365618 
46365688 
46365745 
46365773 
46365784 
46365792 
46365879 
46365901 
46365966 
46366119 
46366134 
46366145 
46366176 
46366243 
46366275 
46366298 
46366360 
46366361 
46366405 
46366428 
46366504 
46366512 
46366552 
46366570 
46366573 
46366607 
46366608 
46366627 
46366705 
46366723 
46366754 
46366756 
46366832 
46366877 
46367058 
46367078 
46367225 
46367307 
46367332 
46367336 
46367347 
46367358 
46367390 
46367396 
46367408 
46367434 
46367442 
46367472 
46367485 
46367512 
46367512 
46367537 
46367550 
46367566 
46367661 
46367703 
46367709 
46367733 
46367776 
46367780 
46367802 
46367861 
46367890 
46367927 
46367938 
46367944 
46367951 
46367954 
46367968 
46368026 
46368032 
46368034 
46368036 
46368051 
46368060 
46368108 
46368120 
46368148 
46368192 
46368207 
46368293 
46368319 
46368371 
46368371 
46368379 
46368424 
46368439 
46368471 
46368485 
46368493 
46368514 
46368525 
46368643 
46368644 
46368706 
46368754 
46368767 
46368786 
46368786 
46368805 
46368834 
46368851 
46368862 
46368869 
46368873 
46368883 
46368970 
46369060 
46369094 
46369122 
46369198 
46369198 
46369200 
46369228 
46369229 
46369256 
46369298 
46369306 
46369328 
46369357 
46369418 
46369439 
46369529 
46369553 
46369626 
46369626 
46369626 
46369670 
46369713 
46369729 
46369809 
46369811 
46369839 
46369888 
46370019 
46370054 
46370074 
46370091 
46370183 
46370192 
46370344 
46370482 
46370662 
46370704 
46370720 
46370781 
46370796 
46370884 
46370907 
46371011 
46371033 
46371097 
46371227 
46371344 
46371354 
46371357 
46371381 
46371393 
46371393 
46371411 
46371426 
46371455 
46371467 
46371473 
46371481 
46371556 
46371607 
46371615 
46371620 
46371727 
46371736 
46371836 
46371845 
46371876 
46371884 
46371921 
46372001 
46372021 
46372079 
46372081 
46372117 
46372160 
46372160 
46372160 
46372166 
46372173 
46372206 
46372239 
46372239 
46372346 
46372386 
46372479 
46372498 
46372544 
46372593 
46372601 
46372731 
46372750 
46372791 
46372825 
46372891 
46372905 
46372905 
46372905 
46372908 
46372955 
46372998 
46373045 
46373088 
46373148 
46373171 
46373178 
46373179 
46373229 
46373241 
46373271 
46373287 
46373295 
46373324 
46373351 
46373374 
46373380 
46373449 
46373453 
46373455 
46373493 
46373553 
46373594 
46373748 
46373777 
46373811 
46373847 
46373863 
46373904 
46373925 
46373974 
46374015 
46374046 
46374118 
46374188 
46374199 
46374225 
46374269 
46374307 
46374424 
46374431 
46374431 
46374512 
46374543 
46374547 
46374550 
46374567 
46374599 
46374639 
46374672 
46374706 
46374727 
46374775 
46374779 
46374795 
46374806 
46374846 
46374887 
46374962 
46374969 
46374988 
46374996 
46374998 
46375007 
46375012 
46375084 
46375136 
46375316 
46375418 
46375482 
46375489 
46375497 
46375535 
46375604 
46375618 
46375681 
46375742 
46375752 
46375773 
46375778 
46375778 
46375778 
46375778 
46375811 
46375843 
46375886 
46375887 
46375956 
46375958 
46376007 
46376029 
46376058 
46376066 
46376105 
46376127 
46376175 
46376194 
46376200 
46376280 
46376315 
46376335 
46376336 
46376351 
46362807 
46364665 
46364775 
46364856 
46365245 
46365526 
46365526 
46365526 
46365555 
46365555 
46365572 
46365572 
46365972 
46366114 
46366683 
46366744 
46366810 
46367582 
46367684 
46368369 
46368369 
46369396 
46370203 
46371610 
46372427 
46372427 
46372747 
46373133 
46373133 
46373181 
46373426 
46373505 
46373806 
46374256 
46374256 
46374292 
46374358 
46374358 
46376011 
46376011 
46376324 
46376324 
46362508 
46362907 
46362984 
46363018 
46363018 
46365186 
46365186 
46365325 
46365325 
46365325 
46365690 
46366221 
46366279 
46366330 
46366330 
46366366 
46366618 
46366863 
46366868 
46366868 
46367019 
46367355 
46367504 
46367671 
46367671 
46367859 
46367859 
46368408 
46368606 
46368606 
46368606 
46368606 
46368692 
46368692 
46368704 
46368704 
46368945 
46369430 
46369430 
46369430 
46369484 
46369490 
46369627 
46369656 
46369656 
46369736 
46370009 
46370341 
46370442 
46370499 
46370801 
46370954 
46371579 
46371579 
46371950 
46372268 
46372832 
46373099 
46373260 
46373518 
46373573 
46373573 
46373589 
46373872 
46374106 
46374106 
46374663 
46374748 
46375243 
46375338 
46375338 
46375488 
46375842 
46376230 
46376230 
46376230 
46362544 
46362544 
46362652 
46362749 
46362749 
46362749 
46362749 
46362777 
46362795 
46362818 
46362836 
46362903 
46362923 
46362958 
46362970 
46362970 
46362998 
46363017 
46363017 
46363022 
46363046 
46363097 
46363097 
46363097 
46363097 
46363188 
46363188 
46363240 
46363281 
46363281 
46363304 
46363304 
46363391 
46363421 
46363421 
46363421 
46363689 
46363689 
46363715 
46363717 
46363717 
46363723 
46363723 
46363855 
46363855 
46363855 
46363855 
46363855 
46363855 
46363975 
46363975 
46363992 
46364025 
46364025 
46364047 
46364076 
46364174 
46364174 
46364218 
46364218 
46364218 
46364360 
46364360 
46364365 
46364365 
46364374 
46364374 
46364381 
46364381 
46364409 
46364419 
46364554 
46364554 
46364581 
46364581 
46364614 
46364614 
46364614 
46364627 
46364627 
46364779 
46364820 
46364820 
46364888 
46364888 
46364888 
46364888 
46364920 
46364920 
46365034 
46365043 
46365043 
46365207 
46365244 
46365254 
46365300 
46365300 
46365372 
46365372 
46365381 
46365402 
46365402 
46365459 
46365459 
46365474 
46365474 
46365536 
46365629 
46365644 
46365644 
46365644 
46365644 
46365685 
46365685 
46365707 
46365735 
46365800 
46365887 
46365925 
46365983 
46365983 
46365983 
46366018 
46366024 
46366088 
46366113 
46366113 
46366113 
46366130 
46366144 
46366267 
46366267 
46366268 
46366268 
46366268 
46366268 
46366342 
46366342 
46366363 
46366401 
46366401 
46366519 
46366519 
46366519 
46366576 
46366644 
46366648 
46366648 
46366648 
46366648 
46366648 
46366648 
46366847 
46367044 
46367059 
46367066 
46367066 
46367192 
46367192 
46367192 
46367213 
46367213 
46367215 
46367215 
46367215 
46367224 
46367224 
46367273 
46367450 
46367450 
46367455 
46367455 
46367501 
46367501 
46367501 
46367610 
46367610 
46367610 
46367624 
46367624 
46367630 
46367659 
46367659 
46367659 
46367741 
46367796 
46367862 
46367864 
46368013 
46368013 
46368028 
46368073 
46368086 
46368086 
46368137 
46368137 
46368141 
46368141 
46368157 
46368157 
46368167 
46368167 
46368177 
46368195 
46368212 
46368247 
46368515 
46368515 
46368515 
46368523 
46368523 
46368549 
46368549 
46368569 
46368569 
46368684 
46368684 
46368808 
46368808 
46368826 
46368876 
46368876 
46368902 
46369079 
46369079 
46369095 
46369095 
46369095 
46369192 
46369227 
46369316 
46369333 
46369333 
46369347 
46369532 
46369532 
46369532 
46369532 
46369573 
46369573 
46369596 
46369629 
46369671 
46369675 
46369688 
46369720 
46369720 
46369956 
46369956 
46369982 
46369991 
46369991 
46370002 
46370022 
46370022 
46370022 
46370035 
46370035 
46370393 
46370393 
46370405 
46370405 
46370418 
46370428 
46370428 
46370598 
46370598 
46370618 
46370618 
46370635 
46370635 
46370679 
46370679 
46370679 
46370679 
46370679 
46370679 
46370679 
46370679 
46370679 
46370679 
46370698 
46370698 
46370742 
46370767 
46370774 
46370791 
46370889 
46370889 
46370922 
46370922 
46370981 
46370981 
46370986 
46370986 
46371025 
46371025 
46371107 
46371107 
46371168 
46371168 
46371168 
46371168 
46371168 
46371329 
46371339 
46371408 
46371412 
46371412 
46371553 
46371553 
46371567 
46371567 
46371602 
46371758 
46371758 
46371764 
46371768 
46371772 
46371823 
46371823 
46371839 
46371858 
46371913 
46372041 
46372041 
46372089 
46372180 
46372208 
46372208 
46372208 
46372266 
46372266 
46372279 
46372475 
46372487 
46372517 
46372621 
46372654 
46372674 
46372674 
46372742 
46372742 
46372742 
46372754 
46372786 
46372796 
46372860 
46372951 
46372951 
46372960 
46373013 
46373013 
46373051 
46373051 
46373074 
46373152 
46373152 
46373297 
46373297 
46373326 
46373471 
46373484 
46373484 
46373484 
46373572 
46373572 
46373579 
46373579 
46373681 
46373793 
46373793 
46373866 
46374062 
46374062 
46374073 
46374073 
46374073 
46374073 
46374122 
46374136 
46374249 
46374249 
46374335 
46374382 
46374442 
46374442 
46374442 
46374535 
46374589 
46374614 
46374614 
46374658 
46374658 
46374658 
46374681 
46374893 
46374893 
46374938 
46374938 
46374938 
46375039 
46375056 
46375056 
46375062 
46375065 
46375116 
46375119 
46375152 
46375182 
46375182 
46375200 
46375200 
46375200 
46375330 
46375373 
46375416 
46375430 
46375430 
46375531 
46375531 
46375533 
46375549 
46375549 
46375683 
46375722 
46375722 
46375722 
46375724 
46375744 
46375744 
46375757 
46375785 
46375883 
46375908 
46375908 
46375981 
46375982 
46376143 
46376143 
46376173 
46376217 
46376235 
46376235 
46376235 
46376238 
46376246 
46376246 
46376298 
46376319 
46376319 
46376327 
46376327 
